297483 37 68
297483 71 201
297483 206 214
297484 1 20
297484 23 47
297484 53 98
297484 100 208
297484 214 214
297485 2 16
297485 23 55
297485 57 253
297485 258 299
297485 302 314
297485 321 411
297485 414 420
297486 1 74
297486 79 140
297486 142 598
297486 603 604
297486 607 625
297487 1 147
297487 150 338
297487 340 433
297487 439 491
297487 495 603
297487 609 613
297488 1 73
297488 80 424
300122 44 85
300122 88 100
300122 102 127
300122 129 186
300122 188 235
300122 237 303
300122 306 453
300122 456 527
300122 530 560
300122 563 609
300122 611 617
300122 619 627
300122 629 657
300122 660 691
300122 693 697
300122 699 730
300122 735 809
300122 811 924
300122 927 1026
300122 1028 1051
300122 1053 1082
300122 1084 1172
300122 1175 1286
300122 1289 1295
297503 1 59
297503 61 193
297503 195 275
297503 282 559
297503 566 606
297503 612 635
297503 642 772
297503 777 779
297504 1 27
297504 29 33
297504 36 41
297504 125 136
297505 1 61
297505 63 394
299042 33 55
300123 1 91
300123 93 93
300123 96 158
300123 160 177
300123 180 381
300123 383 384
300123 387 487
300123 490 612
299443 145 164
299061 38 194
299061 197 280
299061 282 343
299061 345 355
299062 1 81
299062 83 163
299062 166 183
299062 186 303
300087 36 59
300087 61 126
300087 128 137
300087 140 208
300087 210 210
300087 213 216
300087 218 239
299064 1 85
299065 13 248
299065 251 342
299067 1 58
299067 60 110
299067 112 190
299067 193 248
299067 250 268
299067 270 303
299067 305 327
299067 329 459
300105 1 21
299594 1 27
299594 29 115
299594 117 221
299594 224 249
299594 251 317
299595 1 33
299595 35 112
299595 114 134
299595 138 138
299597 1 8
299597 11 62
299597 65 91
299597 93 209
299597 212 228
299597 230 258
299597 260 445
299597 447 534
299597 536 540
300117 35 67
297558 1 124
297558 126 164
297558 167 225
297558 227 266
299096 1 3
299096 5 55
299096 57 97
297050 1 137
297050 193 195
297050 197 371
297050 374 599
297050 602 604
297050 607 665
297050 668 776
297563 1 69
297563 71 77
297563 79 254
297563 260 262
297056 12 26
297056 28 101
297056 104 187
297056 189 203
297057 1 4
297057 14 83
297057 85 105
297057 112 183
297057 185 360
297057 362 377
297057 385 410
297057 413 418
297057 424 509
297057 516 554
297057 556 629
297057 632 906
299368 37 54
299368 56 61
299368 63 175
300393 1 20
300155 35 62
300155 64 357
300155 359 411
300155 413 527
300155 529 539
300155 542 630
300155 632 736
300155 738 840
300155 842 950
300155 953 982
300155 984 1176
300155 1178 1229
300156 1 29
300156 31 53
300156 56 63
300156 65 70
300156 72 72
300157 1 28
300157 30 133
300157 135 152
300157 154 225
300157 228 296
300157 298 460
300157 462 484
300157 486 535
300157 538 680
300157 682 738
300157 740 785
300157 788 802
300157 805 876
300157 879 890
300157 892 908
300157 911 996
300157 998 1027
300157 1030 1075
300157 1077 1107
297599 1 156
297599 158 169
297599 211 225
297599 230 312
297599 319 385
297599 395 407
299649 151 228
299649 230 332
297603 1 104
297603 107 289
297603 291 420
297604 1 91
297604 94 126
297604 131 161
297604 163 179
297604 181 272
297604 279 359
297604 361 375
297604 381 402
297604 404 407
297605 1 6
297605 13 20
297605 24 89
297605 95 104
297605 106 179
297605 182 219
297605 221 407
297606 1 29
297606 31 94
297606 99 231
297099 40 62
297100 1 15
297100 21 220
297100 222 369
297100 375 381
300226 43 72
300226 74 162
300226 164 192
300226 195 258
300226 260 314
300226 316 358
300226 360 408
300226 410 448
297620 32 98
297620 101 127
297620 129 318
297113 1 15
297113 27 149
297113 151 204
297113 211 252
297114 1 36
297114 38 99
297114 106 132
297114 135 159
299178 37 56
299178 58 111
299180 1 98
299184 1 130
299184 132 164
299184 166 326
299184 328 359
299184 361 416
299184 419 456
299184 458 480
299184 482 561
299185 1 107
299185 109 120
297656 64 116
297656 123 135
297656 140 230
297656 269 307
297656 313 330
297656 341 376
297656 378 388
297656 393 433
300575 1 82
300234 1 59
297665 1 153
297665 159 209
297665 214 265
297665 268 279
297666 1 11
297666 17 72
297666 74 81
297666 86 94
297666 97 97
297666 100 121
300235 1 153
300235 155 182
300235 184 187
297670 1 34
300233 43 69
300233 72 151
300233 154 162
297674 1 102
297674 108 188
297675 1 123
297675 129 149
297675 151 163
297675 165 175
297675 178 186
297675 189 199
297675 202 239
297675 244 328
297675 334 467
297675 470 471
300236 1 95
300236 97 124
300236 126 187
300237 1 59
300237 61 61
300237 63 98
300237 101 112
300237 114 147
300237 150 315
300237 317 354
300237 356 379
300237 381 388
300237 390 428
300237 430 458
300237 461 471
300237 474 546
300237 548 629
300237 631 713
300237 716 717
300238 1 58
300238 62 86
300238 89 273
300238 275 329
300239 1 7
300239 9 22
300239 25 67
300239 70 78
300239 80 128
300239 130 145
300239 148 158
300239 161 167
300239 171 213
300240 1 7
300240 11 46
300240 51 79
300240 81 210
300240 212 221
300240 224 340
300240 342 362
297175 1 22
297175 24 85
297176 1 120
297176 125 214
297562 1 3
297562 5 92
297562 94 369
297425 1 107
297425 112 137
297425 140 157
300558 1 37
300558 39 104
300558 106 167
300558 169 194
300558 196 287
300558 289 342
300558 344 548
300281 3 8
297722 55 160
297722 165 289
297722 292 310
297722 313 344
297722 346 350
297722 352 353
297723 1 222
300284 1 2
300284 5 22
300284 38 47
300284 50 63
300284 65 82
300284 90 98
300284 108 130
300284 133 152
300284 156 245
300284 248 250
300284 260 293
300284 295 414
300284 420 561
300284 568 585
300284 590 680
300284 691 711
300284 713 751
297215 1 27
297215 29 47
297218 1 27
297219 1 11
297219 14 80
297219 85 147
297219 149 281
297219 288 331
297219 333 579
297219 585 625
297219 627 730
297219 732 916
297219 921 972
297219 974 1071
297219 1073 1093
297219 1095 1210
297219 1212 1363
297219 1365 1429
297219 1436 1479
297219 1481 1712
297219 1714 2004
297219 2010 2057
297219 2059 2111
297219 2114 2431
297219 2433 2565
297219 2567 2572
297219 2574 2638
299478 1 16
299478 19 81
299478 83 140
299478 143 175
297224 1 19
297224 24 81
297224 83 138
297225 1 21
297225 24 32
297227 1 59
297227 62 192
297432 1 19
297432 21 30
297432 32 112
297433 1 127
297433 130 159
300394 1 21
297101 1 349
297101 351 547
297101 550 585
297101 587 665
297101 667 668
297101 673 697
297101 700 856
297101 862 920
299327 1 72
299329 1 6
299329 8 151
299329 153 172
297292 1 54
297292 56 125
297292 130 131
297292 136 320
297292 323 342
297292 344 509
297292 512 667
297292 675 750
297292 753 753
297293 1 12
297293 14 77
297293 79 121
297293 127 150
299149 29 87
299149 89 198
299149 200 216
299149 218 263
299149 266 266
299149 268 272
299149 274 282
299149 284 288
299149 290 470
297296 1 87
297296 90 133
297296 136 213
297296 215 230
297296 232 236
297296 240 304
297296 306 401
297296 406 418
297296 425 497
300370 1 1
300370 3 20
300372 1 8
300373 1 21
300374 1 21
300375 1 47
300375 50 93
297308 8 44
300389 1 1
300389 4 5
300389 8 8
300389 11 20
300389 23 39
300389 60 149
300391 1 21
300392 1 21
299369 1 21
299369 24 44
299369 46 289
299369 291 303
299370 1 72
299370 74 149
299370 151 174
299370 176 411
299370 413 457
299370 460 523
299370 525 529
299370 531 610
299370 612 698
299370 701 705
300395 1 2
300395 5 20
300397 1 20
300398 1 5
300398 8 20
300399 1 20
300400 1 59
300400 61 288
300400 291 342
300400 344 372
300400 374 391
300400 393 395
300400 398 561
300400 563 582
300400 584 596
300400 598 643
300400 645 677
300107 1 28
300107 30 47
299380 32 36
299380 39 83
299380 86 170
299380 172 227
299381 1 45
299394 1 33
299395 1 58
299395 60 64
299395 66 127
299395 130 187
299396 1 34
299396 37 52
299396 54 81
299477 34 42
299477 82 87
297359 51 56
297359 60 70
297359 164 180
299420 1 50
300461 1 31
300461 34 98
300462 1 97
300463 1 67
300463 69 124
300466 1 34
300466 36 56
300466 59 79
300466 82 223
300466 225 303
300466 305 326
300466 328 336
300466 338 385
300466 388 455
300466 457 578
300466 580 593
300466 596 614
300466 617 650
300467 1 50
300467 52 70
300467 73 91
300467 93 228
300467 230 342
300467 344 434
300467 436 484
300467 486 489
300467 492 563
299593 95 103
299593 106 157
299593 159 177
299593 179 201
299593 204 419
299593 421 437
299593 439 508
299593 511 513
299593 515 515
299593 518 575
299593 577 591
299593 593 678
299593 680 747
299593 750 896
299450 39 88
300106 1 12
300106 14 74
297411 32 69
297411 71 190
297411 192 297
297411 299 479
297411 481 694
297411 696 737
297411 740 776
297411 779 800
297411 807 947
297411 950 950
299479 1 67
299479 69 123
300364 24 46
300365 3 20
297424 32 149
300497 26 28
300497 31 125
300497 127 149
300497 151 175
297426 1 28
297426 34 84
297426 90 111
297429 1 72
297430 1 32
297430 34 66
297430 69 190
297430 192 199
297431 1 49
297431 55 64
297431 71 142
297431 144 188
299480 1 7
299480 9 244
299480 247 330
299480 332 346
299480 348 359
299480 361 451
299480 454 460
299480 463 463
299480 466 502
299480 504 646
299480 649 713
299481 1 66
299481 68 177
299481 179 196
299481 199 236
299481 260 263
299481 266 323
299481 326 424
299481 426 433
299481 435 452
299481 454 479
299481 487 521
299481 523 602
299481 604 644
299481 646 655
299481 657 747
299481 750 868
299481 871 940
299481 943 997
299481 1000 1030
299481 1033 1037
299481 1061 1145
299481 1147 1205
299481 1207 1257
297434 1 161
297435 1 14
297435 16 94
300282 1 9
300282 13 59
300282 73 92
300282 97 114
300282 142 151
300282 156 172
300282 174 186
300368 1 10
300368 12 20
300514 38 43
300514 46 78
300514 80 150
300283 1 13
300283 15 34
300516 1 78
300516 80 111
300517 1 8
300517 103 179
300517 181 391
300517 394 409
300517 411 479
300517 482 587
300517 589 623
300367 1 20
298996 33 216
298997 1 47
299000 1 16
299000 18 77
297467 50 80
297467 82 127
297467 129 138
297468 1 74
297469 1 4
297469 9 70
297557 8 113
297557 119 167
297557 173 174
297557 180 394
