258713 1 161
258712 1 524
258714 1 67
259637 1 72
259637 75 221
258403 1 251
258655 60 68
258656 1 334
258159 1 501
258158 1 1088
258158 1091 1786
258157 1 56
256869 1 34
256868 5 33
256868 35 200
256868 202 492
256867 1 16
256867 19 94
256866 34 47
258434 1 453
259721 73 99
259721 102 408
257461 44 95
258750 1 197
258432 1 4
259681 64 98
259683 5 19
259683 22 23
259683 25 94
259685 1 209
259685 213 240
259685 242 290
259685 292 445
259685 447 538
259685 540 544
259685 546 630
259686 1 43
259686 45 47
259686 49 100
259686 102 108
259686 110 163
259686 165 245
259686 248 341
254879 52 52
254879 54 140
254231 1 24
258213 1 165
254232 1 81
258694 23 199
258129 30 124
258427 1 107
258426 1 10
258425 3 136
258428 1 159
256843 1 204
256843 207 284
256843 286 378
256843 380 461
256843 463 587
256843 598 627
256843 630 661
256843 1001 1034
256843 1036 1081
256843 1083 1191
256843 1193 1193
256843 1195 1329
256843 1331 1332
256842 131 132
256926 35 50
256926 53 62
256926 64 65
258136 1 60
257682 66 366
258211 43 129
256674 1 2
256675 1 106
256675 111 164
256676 1 160
256676 162 208
256677 1 291
256677 293 390
256677 392 397
256677 400 455
256677 457 482
256673 55 56
258745 1 260
258742 2 693
258741 22 72
257804 1 17
257805 1 249
258749 1 204
258749 220 604
258445 1 302
258444 1 37
258446 1 142
258440 1 442
258440 444 732
258448 2 100
258448 102 731
257751 1 463
257599 42 118
258214 1 217
258215 1 6
257613 14 1307
257614 1 16
257816 1 385
257819 1 248
259862 1 13
259862 16 532
256941 1 17
256941 19 29
256941 103 105
256941 107 126
256941 129 129
256941 131 168
256941 170 170
256941 175 290
256941 293 294
258287 45 144
258287 148 227
259809 53 222
259810 1 113
259810 116 116
257968 69 326
259818 1 160
259817 1 5
259811 1 47
259811 50 91
257531 5 45
257531 50 143
259813 1 10
259891 1 108
259890 1 34
259890 37 109
254906 1 75
254907 1 52
258177 1 342
258177 347 724
258177 755 1939
256801 73 263
257735 1 15
258702 52 402
258703 1 389
254914 32 32
254914 34 78
258706 1 733
258705 1 100
259820 1 32
259820 36 161
259821 1 75
259821 78 212
259822 1 14
259822 17 464
259626 83 106
259626 108 111
259626 115 166
259626 169 215
259626 218 437
254852 47 94
256630 5 26
257969 1 634
257645 37 73
257645 75 1096
257723 1 1
257723 3 108
257723 114 148
257722 1 19
254790 90 90
254790 93 630
254790 633 697
254790 701 715
254790 719 784
