251864 1 2
251864 3 16
251864 17 17
251864 199 199
251883 56 60
251883 62 144
251883 145 155
251883 156 437
251717 14 21
251718 1 14
251718 15 26
251718 27 45
251718 46 79
251718 80 80
251718 81 87
251718 88 107
251718 108 129
251718 130 138
251718 139 149
251718 150 210
251718 211 222
251718 223 272
251718 273 283
251718 284 288
251161 1 29
251160 1 8
251160 36 36
251149 1 24
251149 29 29
251162 1 48
251164 1 50
251167 1 8
251167 81 81
251143 1 16
251143 17 19
251143 173 173
251168 1 214
251168 215 215
251168 216 243
251168 244 244
251168 245 256
251168 257 259
251168 260 287
251168 294 341
251637 1 6
251636 1 3
251636 45 45
251147 1 6
251147 7 9
251147 35 35
251028 1 18
251028 19 21
251028 141 141
251559 46 47
251559 48 48
251559 49 52
251559 55 64
251559 67 72
251643 1 606
251244 85 93
251244 96 121
251244 122 122
251244 123 156
251244 158 446
251027 1 60
251027 61 61
251027 62 125
251163 1 4
251163 57 57
251721 1 20
251721 21 26
251721 27 28
251721 304 304
251640 1 7
251640 123 123
251638 1 99
251252 1 554
251251 1 97
251251 98 98
251251 99 175
251250 1 102
251250 103 105
251250 106 160
251155 1 20
251155 21 23
251155 29 29
251156 1 23
251156 31 31
251150 1 24
251150 28 28
251153 1 26
251153 27 27
251153 28 28
251561 1 125
251560 1 5
251560 7 10
251560 84 84
251562 1 439
251562 440 442
251562 443 691
251521 39 55
251523 1 8
251523 19 19
251522 1 10
251522 57 57
